653607.1263836826
582508.5113263755
523679.6648830727
1418198.046139561
1127924.804302703
1847282.9662034453
859037.1981859299
1091700.2159347392
1551179.6047390027
1178429.5873344373
1674677.7795464424
912795.8746984181
1255909.5590339573
1045460.1242274039
1038337.6046206458
1044146.1773793693
1644834.9496437584
882392.6095092618
1207946.8338424016
1448986.1951113224
1490339.9026934097
1617332.3224790622
1379014.910434832
1387633.7811672443
1461289.0007044724
1472548.7813053688
1330934.2411802395
995349.7988049281
454774.77370924474
1547855.9579928478
735401.6827044407
1338764.2756676963
789221.4134900328
1828357.188548041
820453.8990525898
1549937.425275408
1689763.158754921
929640.1954868921
1277791.9916764798
1234608.613452474
983500.62745666
1263958.6106165324
1182030.1864435668
1128494.0931841773
1369599.0016460293
759808.6358585793
1452051.6482372866
2120192.5830423255
1986648.977346018
1188068.8706732425
