203.97945386729518
125.64958256993933
265.8697004173285
298.08894243161717
319.8009030631402
1564.2403196440118
312.7109489608575
1788.267960234148
202.12970489267528
714.9211827887043
1628.096918982405
876.0822436278457
1889.8103972621168
1749.7441463253992
1558.3725670070041
727.3383652743748
1723.334006395742
1586.4805128333596
1510.0196215943686
225.24239742996875
963.754023389786
951.3386240450874
871.2323786453302
1988.2084140250488
1696.5880400380051
289.61646638269724
985.0123743385157
1891.0479575092747
113.41136450991145
1489.5371554949543
80.72532192565106
1479.2655669622004
1190.2447049241598
521.0476538667073
300.266644168146
1818.7775943198772
1695.5271916427646
965.4471801191404
126.68487518247787
1268.174616367951
623.1353445279766
1638.802568218637
1899.5277143542812
363.5468299958067
1746.621234727209
512.264402042539
539.0606066111676
115.97972926335015
1790.9076965606016
644.2583779820019
