94.71231598899901
73.20316113392911
244.0661852858769
131.00176640030463
292.51533771752884
1808.5234924656081
282.06570652952473
1490.8221298330661
160.880150422605
148.2218027147154
259.0994843684565
277.17218980265676
431.93455846922006
265.2758993953276
530.9101456932237
48.39155711485223
88.13979124095992
254.58433337501353
90.34878416448122
637.8249781875902
210.68095025416991
522.7228164142064
167.33207343483193
13.473781948658704
92.07313831949038
348.8998463742855
220.53839302942237
175.69889811834344
61.7415808025677
300.91298210612314
290.33350271713397
867.1339359060975
69.24870251492088
331.2753881591569
212.8711882806125
1754.3572107185012
68.36624020669846
472.2462311125416
236.1488149451527
271.9085559521804
383.78382300456605
171.8210196687239
96.62144068476726
210.51409168984392
75.3144262409268
175.04245999185454
1480.7054071624104
238.8961757751681
298.73584117075745
150.20380421280942
