2918763.888870177
3416970.2277943445
3339749.958469944
3110689.002806477
3712373.780049887
3338825.733203586
2821286.982113528
3474757.6149864085
2871231.4981871657
3221940.7679736256
3276678.533866906
2994189.3215559265
3350335.715430509
3247122.4594631987
3377741.968142909
3247187.1130301924
3520990.3150463398
3352216.587760594
3726626.304143492
3048108.416121962
3371834.6244566054
3053315.241224515
3411584.858474997
3431740.145814787
2923703.970132971
3037162.0203310526
3330140.8868992263
3316664.351030054
3373866.4390638173
3388811.5809230953
2929733.313526372
3662426.6750512794
