127.15678668478535
120.60235652755709
130.54534997463523
178.62398607130004
310.5355509438492
116.64445293283347
158.79775943003727
403.14727879523133
87.40370930343863
68.31023642178378
227.74127513474585
172.3881910108694
595.130782601606
629.2928161039183
566.9957745874302
202.36681644973314
330.3110782277821
271.6642935683672
90.34449844899245
494.23205925961537
138.40523256004445
827.2447572514437
191.03049075998317
122.65483439310492
94.20429077276685
479.2320611144459
244.2328569214224
230.5120569514749
77.24434218763206
317.64818337273704
217.64082429544322
70.32103810382777
119.8307489753778
301.329534563076
162.30282930374318
112.25385694932716
184.52438429649345
39.461986772082284
51.272686685992944
275.9665349276974
353.3423388160553
70.32103810382777
761.4900973748772
78.57180410299864
44.84293032351922
148.07865612572257
362.8104303903073
207.0300664154847
549.2201456611001
182.02749352776354
