3134264.2538117454
3395836.7197957984
3371982.0664539603
3528417.259968818
3743701.836590703
3340143.437890174
3100691.8113377113
3310528.933885884
3345774.1647282927
3425058.9639122505
3386983.021331174
3322077.5661217575
3263023.6159082097
3225123.9714290053
3421102.083506705
3169993.6669498365
3606372.238552655
3381125.6062126844
3656856.9934798433
2971505.0091034863
3334084.3957849992
3069408.0191628714
3357526.65101
3422662.8894589217
2647620.975247734
3155196.0666810027
3236013.820109048
3088398.562889019
3068923.351132871
3227626.552685099
2993383.150032033
3118320.504227989
3409122.8860698207
2880577.968965434
3692754.847027408
