116.56542197409998
191.93055410746874
118.62452360283689
1455.6830072512353
436.3234781672882
1457.0211452137544
89.91316700016742
901.9140411369589
1112.5842968512543
177.9490309049195
1885.3902242241525
238.1601511588368
79.44795529149881
1073.4636172688854
79.64482155168656
507.01374498133674
31.458823881384983
1697.9914539243123
340.66707736439696
523.8593108841342
514.3533975779688
643.2579090846843
68.67384946251373
283.0656065296524
68.54091916512358
580.0582881056007
413.81650232923283
1420.6685389632587
386.2497865371579
261.18433643693106
205.30732475973673
357.6258066750777
170.40392483742852
471.4420193406608
101.17379897977537
309.30621978873944
163.55579353847423
437.3186682500531
1075.277962947256
329.27662777670696
1427.9584089181308
91.30924159141837
907.9975867809342
48.500490719167
1686.0215709177626
37.793883102957324
183.22078921345147
153.06383504930227
91.24350716626363
1776.0890004726675
