223.94671151861095
193.0097655560463
99.35295466165067
318.73043406615557
114.83191890759292
134.72315910785335
420.08090839741806
857.7413185803747
317.09861179134805
156.91478451694718
27.214143381705053
183.38279526716775
114.46837816619919
132.04396843476036
250.68595812290732
396.6530090645978
77.75223212229986
478.15228703834504
116.29397920786789
253.5494618412746
192.37497134502703
1173.1863490511641
50.39215812008838
73.91569251518933
304.652867375313
301.97405451462225
93.95046354329507
696.7575830947233
128.80717992410217
704.3622999564925
209.6041259135898
518.1609881108379
188.10765428339155
390.1066643880877
207.8186940580658
292.4182784984551
68.03388567471352
927.4687755391014
372.47836125069074
136.37349302558752
207.60647774094153
218.283415769499
76.8362518606939
301.9225887541375
660.3484910257613
501.4206712930769
1149.3241012003534
102.19965557671898
686.817479101981
371.4892859827857
