3242471.9923610305
3147949.1227209833
2991135.7975733615
3350282.017736929
3606856.100088767
2952662.2076528342
3475717.620008018
2974822.9252854586
2569989.9634201936
3165816.357051816
2821673.2071324433
2760013.330550109
2521622.506696436
3477330.197816925
3082218.195717215
2969431.2345728083
3108748.6261153193
3139126.299711737
3516436.2554913755
2712347.46398531
3639432.4053247594
2583183.5047901515
3194707.035520354
3169104.7467622384
3188935.341335748
3477252.73334025
3019689.2683831826
2570942.051932147
3219810.5930566154
3001003.2839502464
3062406.682941721
2925762.1451118407
3038093.8944448577
2685126.4408081486
2966869.8054563417
3011705.622255717
2970820.637013915
3385665.254678037
2764639.4910560185
3144424.172501187
3573036.176083605
