67.91180457033968
170.880932815806
34.716180665505185
120.62509357509316
338.51424371804495
419.8285045110683
192.2697407290082
1919.9618363915465
156.8444235540429
9.867785972547155
54.32359708266746
263.2551864636288
262.21200048815473
94.5844236647874
227.3375754247415
61.7907209862451
501.14709736762904
108.16733887824005
198.0050837731194
541.1289432288759
64.48886105367338
1303.1916410106383
90.2016252625196
340.27191068320633
95.89375996382655
386.21399922840715
263.2551864636288
72.6196474791775
56.54178278052438
245.94083272201865
210.6960208451978
208.7010618085111
285.3871987318283
419.8285045110683
7.867223144159642
67.1229707328274
40.443704083577636
78.2816274741398
111.10577482741394
132.91987511279123
311.3105414212632
51.3183514933985
105.22819584122885
70.7218014476442
96.95366522210496
56.54178278052438
63.46284897481352
316.58391178327435
128.28473486740353
265.8290676355766
