2967041.5121512534
3118021.872467285
3187642.67237992
3308784.7814426846
3417570.6871499945
2573135.7672777954
3481885.5748760034
3194071.023002707
3032273.1439740052
3358672.0064808126
2750885.6566050793
3006948.3294528676
2744803.2729424215
3316794.9924988626
3447928.6660383935
2968389.8284069607
3078789.290853042
3127812.6956629343
3327909.0044221394
2704640.370180594
3358672.0064808126
3279304.2293283804
3346198.6924609113
3018212.012892564
2573135.7672777954
3158905.995723448
3246024.473576988
3249273.4076738916
2996764.434759519
2875526.534295912
3252756.847908697
3000098.00515724
3065592.5564498077
3248288.94922226
3279304.2293283804
3052877.7787738144
3208768.824407968
