37.98135331975412
87.6959702608962
630.1768824703108
413.3585649288036
581.9387795979917
407.0028294741942
406.78173901983354
241.42200231130545
464.1844710888119
316.57596750227265
74.80443302371857
348.6661773100453
170.12684444260998
748.9454607646675
82.1770235528156
1244.848273164244
815.4920620091896
102.222224589372
100.51877038643083
563.2729562121725
250.1646321924824
1006.2795750684797
264.16408385698463
366.8703629349201
151.83182538585245
113.21352922685521
365.3850889130535
130.19194752364683
217.93251983125413
494.2272586573913
75.32929841701703
239.33746718806893
975.685739979836
430.01463137898
115.82548596919415
148.2320586108147
87.76436178768694
200.94522437719186
458.1767597772719
241.58663704766457
367.9377436469382
133.93678807556938
164.16462225461362
219.80305548376708
105.19364619595616
293.9151292465224
281.35078318710976
273.12858363781703
208.98579664656637
400.2150711804841
