3085562.299882555
3478816.8138781823
3607187.4075145726
3471523.836312764
3291650.1649368596
3473568.433648459
3363327.048829428
3358080.9548211345
3167505.50574121
3090551.2469006972
3050367.7725012926
3321586.36521417
3144464.8909307215
3637331.481594483
3165699.1472873916
3093200.270813945
3283918.5766792456
3294078.9678645213
3360119.4221827746
3051648.1105174706
3433930.391825662
3248045.248757949
3296230.286011169
3172122.7717258963
3176967.08161589
3070359.1139303306
2812793.5087343627
3409861.4065060033
3114337.5314592617
3282172.184609531
3478433.6111365585
2889154.4874997186
3287936.6005611196
3508526.386210491
