100.57420941772305
128.157136360017
57.74678865530105
209.25317584208844
342.96328025023314
65.75478385638566
707.6303354153212
182.03046887815236
290.33341454265997
55.31050171531625
46.979267767814314
265.8371900242703
212.06973287105356
84.46426226517349
204.05854944108572
98.96348619566716
238.2859030660438
158.28016805651936
53.58928624268102
551.940260897862
103.50367916166066
1113.2010652168817
42.827696645978946
235.30153335666978
80.12871894645514
369.2753601311629
185.7247737917588
196.7477867728123
61.86381494864339
242.84639507309961
111.23763571741355
182.889615888929
144.67042406794835
424.34454350209336
337.8454256017091
83.03211186041212
68.48424344329142
116.40468890899545
74.32800010763101
112.89380673889956
260.6942492653032
94.24845675129112
182.73525002035055
34.26268524211148
128.28457272797849
308.5055130787779
273.811050909199
215.33204963497658
25.613504250687793
235.69279072555443
