3224280.4591128784
3429083.6014804305
3497808.044407403
3624780.1922958633
3580552.635477156
3092377.183173117
2947749.3802545615
3293190.2676906097
3056426.8461376987
3064315.8553289184
2896719.6636280282
3175083.025753239
3524829.8248166805
2775322.84655862
3230168.488677225
3304697.647624218
3320724.176913909
3318692.368141509
3640536.7604427133
2882412.4977803845
3718068.8747979803
3018268.5024805036
3501494.4313564408
3507351.5181509866
3252871.4878450437
3703303.5695456155
3381717.5441117175
2759377.9990070965
3539418.279092444
3274481.396922369
3514996.1259944877
3457920.4647461353
3136824.6905355826
3257031.1902108924
3354514.7443532483
3230856.0340710874
3446675.923257846
2896293.8514711596
2824504.3573530805
3356727.523538109
