582846.7991985331
938550.9303148503
995433.5120838633
1333799.5970688006
1446380.1261850789
1328392.310251904
940399.8780335087
1371445.8511514144
1577339.7208097533
836101.8929764761
1313304.110138916
911905.4607058772
485858.2797507737
1473440.5641884336
1924137.4002121948
1058556.5776972861
1424091.5964083555
717161.8563328192
664031.7789302244
1865547.0573333388
937667.0335688544
1375368.7555205158
895280.7254084887
1256335.7311112403
1297753.1432529292
585442.0953482699
1602220.7035894399
909861.3987694812
500037.66786126775
1396306.4431100674
776566.1738992139
1042458.475877857
1733024.0492080844
699869.5254574388
1052668.1522435981
829186.1105420305
960181.0917690546
1327723.6018437871
1203573.212187312
703372.1740361169
749039.134183358
1155686.3497822084
1180422.8788000213
825286.3613753441
2234362.678344763
1177491.0505859437
1482290.1714533318
710505.0176936439
1260239.1062003619
1200646.933514699
